                              3524
                              2611
                              9177
                              1967
                              6121
                              7402
                              7259
                              4467
                              8859
                              7850
                              5575
                              9414
                              1086
                              7916
                              7291
                              3118
                              3878
                              9231
                              6945
                              5189
